Sample	raw_total_sequences	filtered_sequences	sequences	is_sorted	1st_fragments	last_fragments	reads_mapped	reads_mapped_and_paired	reads_unmapped	reads_properly_paired	reads_paired	reads_duplicated	reads_MQ0	reads_QC_failed	non-primary_alignments	supplementary_alignments	total_length	total_first_fragment_length	total_last_fragment_length	bases_mapped	bases_mapped_(cigar)	bases_trimmed	bases_duplicated	mismatches	error_rate	average_length	average_first_fragment_length	average_last_fragment_length	maximum_length	maximum_first_fragment_length	maximum_last_fragment_length	average_quality	insert_size_average	insert_size_standard_deviation	inward_oriented_pairs	outward_oriented_pairs	pairs_with_other_orientation	pairs_on_different_chromosomes	percentage_of_properly_paired_reads_(%)	reads_mapped_percent	reads_mapped_and_paired_percent	reads_unmapped_percent	reads_properly_paired_percent	reads_paired_percent	reads_duplicated_percent	reads_MQ0_percent	reads_QC_failed_percent
SRR25266111	55786.0	0.0	55786.0	1.0	27893.0	27893.0	2158.0	2158.0	53628.0	2150.0	55786.0	58.0	0.0	0.0	0.0	6.0	7440016.0	3726692.0	3713324.0	293911.0	290591.0	0.0	7489.0	408.0	0.001404035	133.0	134.0	133.0	151.0	151.0	151.0	37.3	262.5	163.3	932.0	147.0	0.0	0.0	3.9	3.8683540673287204	3.8683540673287204	96.13164593267129	3.8540135517871867	100.0	0.10396873767611946	0.0	0.0
SRR25266112	201392.0	0.0	201392.0	1.0	100696.0	100696.0	13458.0	13454.0	187934.0	13428.0	201392.0	1260.0	0.0	0.0	0.0	29.0	27313665.0	13694443.0	13619222.0	1839272.0	1817118.0	0.0	167253.0	2015.0	0.001108899	135.0	136.0	135.0	151.0	151.0	151.0	37.3	265.9	162.4	5762.0	961.0	4.0	0.0	6.7	6.682489870501311	6.680503694287757	93.31751012949869	6.667593548899658	100.0	0.6256455072694049	0.0	0.0
SRR25266113	26686.0	0.0	26686.0	1.0	13343.0	13343.0	1064.0	1064.0	25622.0	1060.0	26686.0	12.0	0.0	0.0	0.0	0.0	3589331.0	1799846.0	1789485.0	144479.0	142931.0	0.0	1656.0	306.0	0.002140893	134.0	135.0	134.0	151.0	151.0	151.0	35.7	234.7	125.4	456.0	75.0	1.0	0.0	4.0	3.98710934572435	3.98710934572435	96.01289065427565	3.9721202128456867	100.0	0.04496739863598891	0.0	0.0
SRR25266114	51614.0	0.0	51614.0	1.0	25807.0	25807.0	3237.0	3236.0	48377.0	3220.0	51614.0	68.0	0.0	0.0	0.0	26.0	6969671.0	3492445.0	3477226.0	439701.0	432707.0	0.0	9483.0	559.0	0.001291867	135.0	135.0	135.0	151.0	151.0	151.0	37.3	258.0	163.9	1383.0	235.0	0.0	0.0	6.2	6.271554229472624	6.269616770643624	93.72844577052739	6.238617429379626	100.0	0.13174720037199208	0.0	0.0
SRR25266115	80698.0	0.0	80698.0	1.0	40349.0	40349.0	4561.0	4560.0	76137.0	4556.0	80698.0	192.0	0.0	0.0	0.0	1.0	10880198.0	5450833.0	5429365.0	622867.0	616141.0	0.0	25027.0	861.0	0.001397407	134.0	135.0	135.0	151.0	151.0	151.0	37.3	266.5	166.2	1955.0	325.0	0.0	0.0	5.6	5.651936850975241	5.6506976628912735	94.34806314902477	5.6457409105554035	100.0	0.23792411212173784	0.0	0.0
SRR25266116	48488.0	0.0	48488.0	1.0	24244.0	24244.0	3355.0	3352.0	45133.0	3334.0	48488.0	104.0	0.0	0.0	0.0	10.0	6591134.0	3302407.0	3288727.0	462665.0	457375.0	0.0	14578.0	745.0	0.00162886	135.0	136.0	136.0	151.0	151.0	151.0	37.3	266.3	160.3	1454.0	218.0	4.0	0.0	6.9	6.919237749546279	6.913050651707639	93.08076225045372	6.875928064675795	100.0	0.21448605840620358	0.0	0.0
SRR25266117	36832.0	0.0	36832.0	1.0	18416.0	18416.0	1525.0	1524.0	35307.0	1440.0	36832.0	65.0	0.0	0.0	0.0	94.0	4522989.0	2262454.0	2260535.0	189661.0	181869.0	0.0	7861.0	396.0	0.002177391	122.0	123.0	123.0	151.0	151.0	151.0	37.9	206.7	250.4	552.0	205.0	5.0	0.0	3.9	4.140421372719374	4.137706342311033	95.85957862728063	3.909643788010426	100.0	0.1764769765421373	0.0	0.0
SRR25266118	46266.0	0.0	46266.0	1.0	23133.0	23133.0	2054.0	2052.0	44212.0	2052.0	46266.0	48.0	0.0	0.0	0.0	0.0	6258554.0	3133359.0	3125195.0	284299.0	281593.0	0.0	6611.0	403.0	0.001431143	135.0	135.0	135.0	151.0	151.0	151.0	37.3	281.4	172.3	914.0	112.0	0.0	0.0	4.4	4.439545238404011	4.4352224095448065	95.56045476159599	4.4352224095448065	100.0	0.10374789262093113	0.0	0.0
SRR25266119	57982.0	0.0	57982.0	1.0	28991.0	28991.0	2486.0	2482.0	55496.0	2472.0	57982.0	72.0	0.0	0.0	0.0	8.0	7676080.0	3849522.0	3826558.0	332901.0	328811.0	0.0	9908.0	427.0	0.001298618	132.0	133.0	132.0	151.0	151.0	151.0	37.2	240.1	150.8	1015.0	224.0	2.0	0.0	4.3	4.287537511641544	4.28063881894381	95.71246248835845	4.263392087199476	100.0	0.12417646855920803	0.0	0.0
SRR25266120	39008.0	0.0	39008.0	1.0	19504.0	19504.0	2580.0	2580.0	36428.0	2580.0	39008.0	74.0	0.0	0.0	0.0	6.0	5269964.0	2639662.0	2630302.0	351894.0	346577.0	0.0	9400.0	456.0	0.001315725	135.0	135.0	135.0	151.0	151.0	151.0	37.3	263.8	162.8	1100.0	190.0	0.0	0.0	6.6	6.61402789171452	6.61402789171452	93.38597210828547	6.61402789171452	100.0	0.18970467596390483	0.0	0.0
SRR25266121	155830.0	0.0	155830.0	1.0	77915.0	77915.0	7995.0	7992.0	147835.0	7952.0	155830.0	561.0	0.0	0.0	0.0	44.0	20481712.0	10277370.0	10204342.0	1060709.0	1047617.0	0.0	71771.0	1363.0	0.001301048	131.0	132.0	131.0	151.0	151.0	151.0	37.2	241.2	156.7	3311.0	683.0	2.0	0.0	5.1	5.130591028685105	5.128665853815055	94.8694089713149	5.102996855547713	100.0	0.3600077006994802	0.0	0.0
SRR25266122	116470.0	0.0	116470.0	1.0	58235.0	58235.0	7194.0	7192.0	109276.0	7174.0	116470.0	398.0	0.0	0.0	0.0	12.0	15788666.0	7908558.0	7880108.0	988626.0	977530.0	0.0	54226.0	1199.0	0.001226561	135.0	136.0	135.0	151.0	151.0	151.0	37.3	276.0	167.8	3126.0	470.0	0.0	0.0	6.2	6.176697862110415	6.174980681720615	93.82330213788958	6.159526058212415	100.0	0.34171889757018975	0.0	0.0
SRR25266123	26188.0	0.0	26188.0	1.0	13094.0	13094.0	1229.0	1226.0	24959.0	1226.0	26188.0	26.0	0.0	0.0	0.0	0.0	3477666.0	1753417.0	1724249.0	166821.0	164556.0	0.0	3426.0	412.0	0.002503707	132.0	134.0	132.0	151.0	151.0	151.0	35.7	230.7	126.6	532.0	81.0	0.0	0.0	4.7	4.6929891553383225	4.68153352680617	95.30701084466168	4.68153352680617	100.0	0.09928211394531847	0.0	0.0
SRR25266124	53638.0	0.0	53638.0	1.0	26819.0	26819.0	2973.0	2968.0	50665.0	2956.0	53638.0	90.0	0.0	0.0	0.0	2.0	6657828.0	3356238.0	3301590.0	367389.0	361971.0	0.0	10683.0	1248.0	0.00344779	124.0	125.0	123.0	151.0	151.0	151.0	35.3	179.7	107.9	1138.0	345.0	1.0	0.0	5.5	5.542712256236251	5.533390506730304	94.45728774376376	5.5110183079160295	100.0	0.167791491107051	0.0	0.0
SRR25266125	86132.0	0.0	86132.0	1.0	43066.0	43066.0	4979.0	4976.0	81153.0	4964.0	86132.0	210.0	0.0	0.0	0.0	10.0	11196098.0	5608382.0	5587716.0	651340.0	643067.0	0.0	25066.0	875.0	0.001360667	129.0	130.0	130.0	151.0	151.0	151.0	37.3	226.3	147.2	2036.0	451.0	1.0	0.0	5.8	5.780662239353551	5.777179213300516	94.21933776064645	5.7632471090883755	100.0	0.2438118237124414	0.0	0.0
SRR25266126	80716.0	0.0	80716.0	1.0	40358.0	40358.0	1700.0	1698.0	79016.0	1678.0	80716.0	14.0	0.0	0.0	0.0	26.0	10791931.0	5408346.0	5383585.0	232048.0	229342.0	0.0	2045.0	296.0	0.001290649	133.0	134.0	133.0	151.0	151.0	151.0	37.2	265.6	178.7	725.0	123.0	1.0	0.0	2.1	2.1061499578770007	2.103672134397146	97.89385004212299	2.0788938995985924	100.0	0.017344764358987064	0.0	0.0
SRR25266127	89622.0	0.0	89622.0	1.0	44811.0	44811.0	3056.0	3048.0	86566.0	3046.0	89622.0	86.0	0.0	0.0	0.0	2.0	12011417.0	6016984.0	5994433.0	417867.0	411024.0	0.0	11641.0	571.0	0.001389213	134.0	134.0	134.0	151.0	151.0	151.0	37.3	258.5	153.4	1323.0	200.0	1.0	0.0	3.4	3.4098770391198587	3.4009506594362993	96.59012296088014	3.398719064515409	100.0	0.09595858159826828	0.0	0.0
SRR25266128	15950.0	0.0	15950.0	1.0	7975.0	7975.0	1870.0	1870.0	14080.0	1870.0	15950.0	54.0	0.0	0.0	0.0	1.0	2088072.0	1045694.0	1042378.0	245518.0	243504.0	0.0	6858.0	233.0	0.0009568631	130.0	131.0	131.0	151.0	151.0	151.0	37.2	221.7	139.4	759.0	176.0	0.0	0.0	11.7	11.724137931034482	11.724137931034482	88.27586206896552	11.724137931034482	100.0	0.3385579937304075	0.0	0.0
SRR25266129	35518.0	0.0	35518.0	1.0	17759.0	17759.0	1498.0	1496.0	34020.0	1432.0	35518.0	26.0	0.0	0.0	0.0	48.0	4827882.0	2422989.0	2404893.0	204520.0	200821.0	0.0	3181.0	217.0	0.001080564	135.0	136.0	135.0	151.0	151.0	151.0	37.1	311.2	289.4	652.0	96.0	0.0	0.0	4.0	4.217579818683484	4.211948870994989	95.78242018131652	4.031758544963117	100.0	0.07320231995044765	0.0	0.0
SRR25266130	33534.0	0.0	33534.0	1.0	16767.0	16767.0	1869.0	1868.0	31665.0	1868.0	33534.0	32.0	0.0	0.0	0.0	1.0	4462530.0	2234191.0	2228339.0	254646.0	252045.0	0.0	4556.0	371.0	0.001471959	133.0	133.0	133.0	151.0	151.0	151.0	37.1	247.7	148.6	778.0	156.0	0.0	0.0	5.6	5.5734478439792445	5.57046579590863	94.42655215602076	5.57046579590863	100.0	0.09542553825967674	0.0	0.0
SRR25266131	67660.0	0.0	67660.0	1.0	33830.0	33830.0	3578.0	3578.0	64082.0	3546.0	67660.0	114.0	0.0	0.0	0.0	23.0	9230488.0	4629541.0	4600947.0	493747.0	488457.0	0.0	16037.0	929.0	0.001901907	136.0	137.0	136.0	151.0	151.0	151.0	37.2	275.8	168.3	1550.0	237.0	2.0	0.0	5.2	5.288205734555128	5.288205734555128	94.71179426544487	5.240910434525569	100.0	0.16848950635530593	0.0	0.0
SRR25266132	17568.0	0.0	17568.0	1.0	8784.0	8784.0	930.0	930.0	16638.0	928.0	17568.0	14.0	0.0	0.0	0.0	0.0	2348079.0	1175451.0	1172628.0	124403.0	123057.0	0.0	1742.0	98.0	0.0007963789	133.0	134.0	133.0	151.0	151.0	151.0	37.4	243.6	153.3	386.0	79.0	0.0	0.0	5.3	5.293715846994536	5.293715846994536	94.70628415300546	5.2823315118397085	100.0	0.07969034608378871	0.0	0.0
SRR25266133	55242.0	0.0	55242.0	1.0	27621.0	27621.0	4347.0	4346.0	50895.0	4340.0	55242.0	180.0	0.0	0.0	0.0	7.0	7594023.0	3805461.0	3788562.0	601266.0	595366.0	0.0	24256.0	834.0	0.001400819	137.0	138.0	137.0	151.0	151.0	151.0	37.3	282.2	172.5	1908.0	265.0	0.0	0.0	7.9	7.869012707722385	7.867202490858405	92.13098729227761	7.856341189674524	100.0	0.3258390355164549	0.0	0.0
SRR25266134	26526.0	0.0	26526.0	1.0	13263.0	13263.0	1087.0	1086.0	25439.0	1086.0	26526.0	8.0	0.0	0.0	0.0	0.0	3534544.0	1768907.0	1765637.0	144363.0	142001.0	0.0	1069.0	188.0	0.001323934	133.0	133.0	133.0	151.0	151.0	151.0	37.3	239.8	153.1	441.0	102.0	0.0	0.0	4.1	4.097866244439418	4.094096358289979	95.90213375556058	4.094096358289979	100.0	0.030159089195506295	0.0	0.0
SRR25266135	19692.0	0.0	19692.0	1.0	9846.0	9846.0	634.0	634.0	19058.0	634.0	19692.0	2.0	0.0	0.0	0.0	0.0	2600052.0	1301681.0	1298371.0	86117.0	85659.0	0.0	301.0	80.0	0.0009339357	132.0	132.0	132.0	151.0	151.0	151.0	37.3	242.9	142.5	268.0	49.0	0.0	0.0	3.2	3.219581555961812	3.219581555961812	96.78041844403819	3.219581555961812	100.0	0.010156408693885842	0.0	0.0
SRR25266136	202348.0	0.0	202348.0	1.0	101174.0	101174.0	7151.0	7150.0	195197.0	7142.0	202348.0	388.0	0.0	0.0	0.0	6.0	27553246.0	13816449.0	13736797.0	986629.0	976942.0	0.0	53038.0	1212.0	0.001240606	136.0	137.0	136.0	151.0	151.0	151.0	37.2	290.3	177.6	3124.0	448.0	3.0	0.0	3.5	3.534010714215115	3.533516516100975	96.46598928578489	3.5295629311878547	100.0	0.1917488682863186	0.0	0.0
SRR25266137	52516.0	0.0	52516.0	1.0	26258.0	26258.0	2246.0	2246.0	50270.0	2242.0	52516.0	64.0	0.0	0.0	0.0	0.0	6965917.0	3486995.0	3478922.0	301750.0	297859.0	0.0	7828.0	325.0	0.00109112	132.0	133.0	132.0	151.0	151.0	151.0	37.4	242.0	150.5	947.0	176.0	0.0	0.0	4.3	4.276791834869373	4.276791834869373	95.72320816513063	4.26917510853835	100.0	0.12186762129636683	0.0	0.0
SRR25266138	21670.0	0.0	21670.0	1.0	10835.0	10835.0	1523.0	1522.0	20147.0	1522.0	21670.0	36.0	0.0	0.0	0.0	0.0	2818657.0	1422547.0	1396110.0	200976.0	197621.0	0.0	4732.0	675.0	0.003415629	130.0	131.0	129.0	151.0	151.0	151.0	35.2	212.8	119.4	626.0	135.0	0.0	0.0	7.0	7.028149515459161	7.023534840793724	92.97185048454084	7.023534840793724	100.0	0.16612828795569912	0.0	0.0
SRR25266139	33212.0	0.0	33212.0	1.0	16606.0	16606.0	966.0	966.0	32246.0	964.0	33212.0	12.0	0.0	0.0	0.0	4.0	4360738.0	2181781.0	2178957.0	131882.0	130608.0	0.0	1639.0	156.0	0.001194414	131.0	131.0	131.0	151.0	151.0	151.0	37.4	259.6	161.7	417.0	66.0	0.0	0.0	2.9	2.9085872576177287	2.9085872576177287	97.09141274238226	2.9025653378297	100.0	0.03613151872817054	0.0	0.0
SRR25266140	67180.0	0.0	67180.0	1.0	33590.0	33590.0	3436.0	3436.0	63744.0	3424.0	67180.0	130.0	0.0	0.0	0.0	23.0	9007179.0	4512529.0	4494650.0	467443.0	462138.0	0.0	16450.0	524.0	0.00113386	134.0	134.0	134.0	151.0	151.0	151.0	37.3	255.0	159.5	1458.0	260.0	0.0	0.0	5.1	5.114617445668354	5.114617445668354	94.88538255433164	5.096754986603156	100.0	0.1935099732063114	0.0	0.0
SRR25266141	37496.0	0.0	37496.0	1.0	18748.0	18748.0	974.0	970.0	36522.0	962.0	37496.0	8.0	0.0	0.0	0.0	2.0	4805283.0	2453122.0	2352161.0	125123.0	123642.0	0.0	906.0	500.0	0.004043933	128.0	131.0	125.0	151.0	151.0	151.0	34.8	211.7	127.2	388.0	95.0	2.0	0.0	2.6	2.5976104117772563	2.586942607211436	97.40238958822275	2.5656069980797955	100.0	0.02133560913164071	0.0	0.0
SRR25266142	111166.0	0.0	111166.0	1.0	55583.0	55583.0	5108.0	5106.0	106058.0	4944.0	111166.0	219.0	0.0	0.0	0.0	243.0	14964150.0	7497119.0	7467031.0	691768.0	673409.0	0.0	28091.0	1085.0	0.001611205	134.0	135.0	134.0	151.0	151.0	151.0	37.3	279.6	244.6	2134.0	416.0	3.0	0.0	4.4	4.594930104528363	4.593130993289315	95.40506989547164	4.447402982926434	100.0	0.19700268067574617	0.0	0.0
SRR25266143	69818.0	0.0	69818.0	1.0	34909.0	34909.0	4546.0	4542.0	65272.0	4512.0	69818.0	192.0	0.0	0.0	0.0	38.0	9471408.0	4743004.0	4728404.0	616079.0	607237.0	0.0	25070.0	821.0	0.001352026	135.0	136.0	135.0	151.0	151.0	151.0	37.4	261.0	166.3	1911.0	359.0	1.0	0.0	6.5	6.5112148729553985	6.505485691368988	93.48878512704461	6.4625168294709106	100.0	0.2750007161476983	0.0	0.0
